1185869 0 1 4 5.22814101300884 5.335300210509451 4.741120956789377 11.267615816360166 0.0 0.0 0.0 0.6989700198173523 0.778151273727417 1.0413926839828491 0.6989700198173523 0.0 0.0 0.0 0.0 0.0 0.0 0.0 0.4771212637424469 0.9030900001525879 1.07918119430542 0.6020600199699402 0.0 0.0 0.0 0.0 0.0 0.0 0.6020600199699402 0.8450980186462402 0.9030900001525879 0.778151273727417 0.0 0.4771212637424469 0.0 0.0 0.3010300099849701 0.8450980186462402 1.0 0.8450980186462402 0.3010300099849701 0.0 0.0 0.0
1185868 16 1 11 6.699036177128887 4.85298244390932 5.455494963398551 4.718319625685665 4.965045465739873 6.652582922739117 4.377258800837754 6.652582922739117 5.9659412596283135 4.358224707935281 2.669013934380395 0.0 0.0 0.0 0.3010300099849701 0.778151273727417 0.0 0.778151273727417 0.9542425274848938 0.4771212637424469 0.0 0.0 0.0 0.0 0.6989700198173523 0.8450980186462402 1.0 0.3010300099849701 0.3010300099849701 0.0 0.0 0.0 0.0 0.0 0.6989700198173523 1.07918119430542 0.778151273727417 0.3010300099849701 0.0 0.0 0.0 0.0 0.0 0.0 0.3010300099849701 0.6989700198173523 0.778151273727417 1.0 0.4771212637424469 0.0 0.0 0.0 0.0 0.0 0.3010300099849701 0.6020600199699402 1.113943338394165 0.778151273727417 0.0 0.0 0.0 0.0 0.0 0.0 0.3010300099849701 0.778151273727417 0.6020600199699402 0.6020600199699402 0.8450980186462402 0.6020600199699402 0.0 0.0 0.0 0.0 0.4771212637424469 1.0 1.0 0.3010300099849701 0.0 0.0 0.0 0.0 0.0 0.0 0.3010300099849701 0.778151273727417 0.6020600199699402 0.6020600199699402 0.8450980186462402 0.6020600199699402 0.0 0.0 0.0 0.0 0.0 0.6020600199699402 0.6020600199699402 0.8450980186462402 0.6989700198173523 0.778151273727417 0.0 0.0 0.0 0.0 0.0 0.0 1.2304489612579346 0.778151273727417 0.0 0.0 0.0 0.0 0.0 0.3010300099849701 0.4771212637424469 1.0 0.9542425274848938 0.3010300099849701 0.0 0.0 0.0
597651 49 1 3 4.173645390512312 6.050230195630837 5.449978035709664 0.0 0.0 0.0 0.0 0.4771212637424469 0.778151273727417 0.9542425274848938 0.4771212637424469 0.6020600199699402 0.0 0.0 0.0 0.0 0.4771212637424469 1.0 0.6020600199699402 0.4771212637424469 0.4771212637424469 0.4771212637424469 0.0 0.0 0.0 0.0 0.0 0.4771212637424469 0.4771212637424469 1.113943338394165 0.4771212637424469 0.4771212637424469 0.0
403613 60 1 6 7.009808817081208 7.086985312287621 5.020394901930208 4.550635422199422 6.1277652152115 4.867549492715568 0.0 0.0 0.0 0.3010300099849701 0.8450980186462402 1.0 1.2304489612579346 0.6020600199699402 0.778151273727417 0.0 0.0 0.0 0.0 0.4771212637424469 0.8450980186462402 1.1461280584335327 1.2041200399398804 0.6989700198173523 0.0 0.0 0.0 0.0 0.3010300099849701 0.6020600199699402 1.113943338394165 1.113943338394165 0.8450980186462402 0.6989700198173523 0.4771212637424469 0.0 0.0 0.0 0.0 0.6020600199699402 1.2304489612579346 1.0 0.9030900001525879 0.6020600199699402 0.3010300099849701 0.3010300099849701 0.0 0.0 0.0 0.3010300099849701 0.9542425274848938 1.2304489612579346 1.0413926839828491 0.6989700198173523 0.3010300099849701 0.0 0.0 0.0 0.0 0.0 0.6989700198173523 1.1461280584335327 1.1760913133621216 0.8450980186462402 0.6020600199699402 0.0
1183785 389 1 1 4.207914561726437 0.0 0.0 0.0 0.0 0.6989700198173523 0.8450980186462402 0.778151273727417 0.6020600199699402 0.0 0.0
312651 616 1 5 3.470255464839996 3.427985676622199 3.3422279734179243 2.905700783794669 9.536665351727718 0.0 0.0 0.0 0.0 0.3010300099849701 0.4771212637424469 0.8450980186462402 0.778151273727417 0.0 0.0 0.0 0.0 0.0 0.0 0.3010300099849701 0.6020600199699402 0.778151273727417 0.778151273727417 0.0 0.0 0.0 0.0 0.0 0.0 0.3010300099849701 0.8450980186462402 0.8450980186462402 0.3010300099849701 0.0 0.0 0.0 0.0 0.0 0.0 0.3010300099849701 0.8450980186462402 0.6989700198173523 0.6020600199699402 0.0 0.0 0.0 0.0 0.0 0.0 0.4771212637424469 0.778151273727417 0.6020600199699402 0.6020600199699402 0.3010300099849701 0.0
80385 723 1 4 1.409713613150767 6.197209987095444 6.402330319045206 3.2362851496451004 0.0 0.0 0.0 0.0 0.3010300099849701 0.0 0.9030900001525879 0.778151273727417 0.0 0.0 0.0 0.0 0.0 0.0 0.4771212637424469 1.07918119430542 0.0 0.0 0.0 0.0 0.0 0.0 0.0 0.3010300099849701 0.6989700198173523 0.8450980186462402 0.4771212637424469 0.0 0.0 0.0 0.0 0.0 0.0 0.3010300099849701 0.0 0.8450980186462402 0.778151273727417 0.0 0.3010300099849701 0.0
645590 944 1 2 4.710774610206189 5.19363375034558 0.0 0.0 0.0 0.0 0.3010300099849701 0.9030900001525879 0.9030900001525879 0.3010300099849701 0.0 0.6020600199699402 0.0 0.0 0.0 0.0 0.4771212637424469 0.9030900001525879 0.778151273727417 0.6020600199699402 0.4771212637424469 0.0
645337 1054 1 3 4.1721772740619025 3.098881100641868 5.8011251822736805 0.0 0.0 0.0 0.0 0.6020600199699402 0.9542425274848938 0.6989700198173523 0.6989700198173523 0.0 0.0 0.0 0.0 0.0 0.3010300099849701 0.4771212637424469 1.0 0.8450980186462402 0.3010300099849701 0.0 0.0 0.0 0.0 0.0 0.0 0.4771212637424469 0.9542425274848938 0.9542425274848938 0.3010300099849701 0.0 0.0
186154 1160 1 7 6.231583071433498 3.761087249412391 6.8928054217160275 3.0496925216019575 3.5457181798145134 1.36168479135886 2.449688928552739 0.0 0.0 0.0 0.0 0.3010300099849701 0.9542425274848938 1.2304489612579346 0.0 0.0 0.0 0.0 0.0 0.0 0.0 0.9542425274848938 0.9030900001525879 0.778151273727417 0.3010300099849701 0.6020600199699402 0.3010300099849701 0.0 0.0 0.0 0.0 0.778151273727417 1.07918119430542 0.4771212637424469 0.4771212637424469 0.6020600199699402 0.4771212637424469 0.0 0.0 0.0 0.3010300099849701 0.778151273727417 1.0 0.8450980186462402 0.6020600199699402 0.3010300099849701 0.0 0.0 0.0 0.0 0.3010300099849701 1.0 0.8450980186462402 0.8450980186462402 0.4771212637424469 0.3010300099849701 0.0 0.0 0.0 0.0 0.0 0.8450980186462402 0.9542425274848938 0.9542425274848938 0.6020600199699402 0.0 0.0 0.0 0.0 0.0 0.3010300099849701 0.6020600199699402 1.0 0.9542425274848938 0.6989700198173523 0.0 0.0
457407 1172 1 3 8.761548216451068 6.520224229374943 5.741916107269611 0.0 0.0 0.0 0.0 0.4771212637424469 0.6020600199699402 0.4771212637424469 0.3010300099849701 0.0 0.0 0.0 0.0 0.0 0.0 0.3010300099849701 0.6020600199699402 0.3010300099849701 0.4771212637424469 0.3010300099849701 0.0 0.0 0.0 0.0 0.0 0.3010300099849701 0.6989700198173523 0.6020600199699402 0.0 0.0 0.0
441383 1389 1 1 4.4264731844295575 0.0 0.0 0.0 0.4771212637424469 1.113943338394165 1.1461280584335327 0.6020600199699402 0.0 0.0 0.0
683408 1605 1 2 10.667127466282926 5.200112482170174 0.0 0.0 0.0 0.0 1.2552725076675415 0.8450980186462402 0.6020600199699402 0.6989700198173523 0.0 0.0 0.0 0.0 0.0 0.0 0.9030900001525879 0.9542425274848938 0.9542425274848938 0.6989700198173523 0.6020600199699402 0.0
1164799 1713 1 4 4.277057857047758 1.4350218026350476 4.400332298251998 5.320690525594172 0.0 0.0 0.0 0.0 0.6020600199699402 1.0 0.9030900001525879 0.4771212637424469 0.0 0.0 0.0 0.0 0.0 0.0 0.6989700198173523 0.9030900001525879 0.3010300099849701 0.778151273727417 0.4771212637424469 0.4771212637424469 0.0 0.0 0.0 0.0 0.778151273727417 0.3010300099849701 0.8450980186462402 0.9542425274848938 0.3010300099849701 0.0 0.0 0.0 0.0 0.4771212637424469 0.8450980186462402 0.6989700198173523 0.6989700198173523 0.6020600199699402 0.4771212637424469 0.0
484187 1822 1 4 3.392822855025247 3.812854897661707 4.1724487131676735 8.999237478767657 0.0 0.0 0.0 0.6989700198173523 0.4771212637424469 1.113943338394165 0.778151273727417 0.4771212637424469 0.0 0.0 0.0 0.0 0.0 0.4771212637424469 0.4771212637424469 0.778151273727417 1.07918119430542 0.4771212637424469 0.3010300099849701 0.4771212637424469 0.0 0.0 0.0 0.3010300099849701 0.6989700198173523 0.9030900001525879 0.9030900001525879 0.6989700198173523 0.0 0.4771212637424469 0.0 0.0 0.0 0.3010300099849701 0.778151273727417 1.1461280584335327 0.778151273727417 0.3010300099849701 0.0 0.0
460668 1939 1 3 7.443409016938937 3.5940716930504175 4.695939930818248 0.0 0.0 0.0 0.0 0.778151273727417 0.778151273727417 0.6020600199699402 0.4771212637424469 0.0 0.0 0.0 0.0 0.0 0.0 0.3010300099849701 0.778151273727417 0.8450980186462402 0.6020600199699402 0.0 0.0 0.0 0.0 0.0 0.0 0.4771212637424469 0.9542425274848938 0.6989700198173523 0.3010300099849701 0.0 0.0
666321 2152 1 3 5.701841660334539 6.8046619096030145 7.771376459267025 0.0 0.0 0.0 0.0 0.6020600199699402 1.0 0.778151273727417 0.0 0.0 0.0 0.0 0.0 0.0 0.0 0.0 0.4771212637424469 0.6989700198173523 0.8450980186462402 0.778151273727417 0.0 0.0 0.0 0.0 0.0 0.3010300099849701 0.6020600199699402 0.6020600199699402 0.9030900001525879 0.6020600199699402 0.0
182487 2277 1 3 3.571467539503323 5.059132631675371 4.587372021315562 0.0 0.0 0.0 0.4771212637424469 0.6020600199699402 1.0413926839828491 0.4771212637424469 0.6020600199699402 0.0 0.0 0.0 0.0 0.0 0.0 0.778151273727417 1.0 0.6989700198173523 0.4771212637424469 0.0 0.0 0.0 0.0 0.0 0.3010300099849701 0.0 1.0 0.9030900001525879 0.6020600199699402 0.0 0.0
564233 2488 1 2 8.98108816026198 6.850696233700763 0.0 0.0 0.0 0.0 0.6020600199699402 0.6020600199699402 0.9030900001525879 0.6020600199699402 0.3010300099849701 0.0 0.0 0.0 0.0 0.6020600199699402 0.4771212637424469 0.778151273727417 0.8450980186462402 0.0 0.3010300099849701 0.0
455279 2599 1 2 3.8869628698154286 7.049671018509233 0.0 0.0 0.0 0.6020600199699402 1.0 1.0413926839828491 0.6020600199699402 0.0 0.3010300099849701 0.0 0.0 0.0 0.0 0.6989700198173523 0.9030900001525879 0.9030900001525879 0.778151273727417 0.4771212637424469 0.3010300099849701 0.0
208108 2704 1 3 5.531643184799372 5.636594365715622 4.468204851169772 0.0 0.0 0.0 0.0 0.4771212637424469 0.6989700198173523 0.778151273727417 0.6989700198173523 0.0 0.4771212637424469 0.0 0.0 0.0 0.0 0.9030900001525879 0.4771212637424469 0.6989700198173523 0.4771212637424469 0.4771212637424469 0.0 0.0 0.0 0.0 0.778151273727417 0.4771212637424469 0.8450980186462402 0.4771212637424469 0.0 0.0 0.4771212637424469
733739 2816 1 3 4.533708363339137 3.8320733824391753 4.404570981835353 0.0 0.0 0.0 0.0 0.4771212637424469 1.2041200399398804 0.6989700198173523 0.0 0.0 0.0 0.0 0.0 0.0 0.0 0.3010300099849701 0.9030900001525879 0.6020600199699402 0.778151273727417 0.6020600199699402 0.4771212637424469 0.0 0.0 0.0 0.0 0.0 0.778151273727417 0.6020600199699402 0.6989700198173523 1.0 0.0
1164798 2924 1 5 4.277057857047758 6.787667772116623 7.830493366325465 4.547256896127274 9.521112938720233 0.0 0.0 0.0 0.0 0.6020600199699402 1.07918119430542 0.8450980186462402 0.4771212637424469 0.3010300099849701 0.0 0.0 0.0 0.0 0.3010300099849701 0.8450980186462402 1.0 0.778151273727417 0.4771212637424469 0.0 0.0 0.0 0.0 0.0 0.6020600199699402 0.6989700198173523 1.0413926839828491 0.6989700198173523 0.3010300099849701 0.0 0.3010300099849701 0.0 0.0 0.0 0.0 0.4771212637424469 0.778151273727417 1.1760913133621216 0.3010300099849701 0.0 0.3010300099849701 0.0 0.0 0.0 0.4771212637424469 1.0413926839828491 0.4771212637424469 0.8450980186462402 0.6020600199699402 0.0 0.0
402608 3036 1 7 5.528619966479386 6.190949752251865 7.057522406656467 4.082698205650062 6.663153845699127 3.948049823568566 4.693762628327595 0.0 0.0 0.0 0.0 0.3010300099849701 0.4771212637424469 0.9030900001525879 0.6989700198173523 0.0 0.3010300099849701 0.0 0.0 0.0 0.0 0.0 0.778151273727417 0.9542425274848938 0.3010300099849701 0.3010300099849701 0.0 0.0 0.0 0.0 0.0 0.6020600199699402 0.9030900001525879 0.6020600199699402 0.4771212637424469 0.0 0.0 0.0 0.0 0.0 0.3010300099849701 0.4771212637424469 0.778151273727417 0.8450980186462402 0.3010300099849701 0.0 0.0 0.0 0.0 0.0 0.0 0.6020600199699402 0.0 0.9030900001525879 0.6989700198173523 0.0 0.3010300099849701 0.0 0.0 0.0 0.0 0.8450980186462402 0.778151273727417 0.6020600199699402 0.0 0.3010300099849701 0.0 0.0 0.0 0.0 0.0 0.0 0.4771212637424469 0.6989700198173523 0.9030900001525879 0.4771212637424469 0.0
443797 3146 1 4 6.522298998628834 3.8801804253389807 4.116942122470765 6.475121856291651 0.0 0.0 0.0 0.0 0.6020600199699402 0.6020600199699402 0.778151273727417 0.8450980186462402 0.6020600199699402 0.0 0.0 0.0 0.0 0.0 0.3010300099849701 0.778151273727417 0.6020600199699402 0.9030900001525879 0.6989700198173523 0.0 0.0 0.0 0.0 0.0 0.0 0.778151273727417 0.6989700198173523 0.9542425274848938 0.6020600199699402 0.0 0.0 0.0 0.0 0.0 0.4771212637424469 1.0413926839828491 0.9030900001525879 0.0 0.0 0.3010300099849701
662502 3257 1 2 4.485423760353376 12.166362238583412 0.0 0.0 0.0 0.3010300099849701 0.3010300099849701 1.1461280584335327 0.9030900001525879 0.4771212637424469 0.3010300099849701 0.0 0.0 0.0 0.0 0.3010300099849701 0.9030900001525879 0.778151273727417 1.0 0.0 0.3010300099849701 0.4771212637424469
1184679 3368 1 4 6.299524746266319 8.012245933061394 3.571467539503323 4.515376455503794 0.0 0.0 0.0 0.0 0.3010300099849701 0.4771212637424469 0.6020600199699402 0.0 0.0 0.0 0.0 0.0 0.0 0.0 0.3010300099849701 0.4771212637424469 0.0 0.6020600199699402 0.0 0.0 0.0 0.0 0.0 0.0 0.0 0.3010300099849701 0.6989700198173523 0.3010300099849701 0.0 0.0 0.0 0.0 0.0 0.0 0.3010300099849701 0.4771212637424469 0.6020600199699402 0.0 0.0 0.0
14562 3382 1 3 7.273238277927495 5.624642346299571 6.334224789345429 0.0 0.0 0.0 0.0 0.4771212637424469 0.8450980186462402 0.8450980186462402 0.778151273727417 0.3010300099849701 0.6020600199699402 0.0 0.0 0.0 0.0 0.4771212637424469 1.0 0.6989700198173523 0.8450980186462402 0.4771212637424469 0.0 0.0 0.0 0.0 0.0 0.4771212637424469 0.6020600199699402 1.0413926839828491 0.778151273727417 0.3010300099849701 0.4771212637424469
602162 3597 1 3 5.355022097473068 12.439655573583094 9.87690643703116 0.0 0.0 0.0 0.0 0.0 0.0 0.4771212637424469 0.3010300099849701 0.3010300099849701 0.0 0.0 0.0 0.0 0.0 0.4771212637424469 0.4771212637424469 0.0 0.0 0.0 0.0 0.0 0.0 0.0 0.0 0.0 0.0 0.4771212637424469 0.4771212637424469 0.0 0.0
545059 3702 1 2 4.796200047262698 10.686735937671303 0.0 0.0 0.0 0.0 0.3010300099849701 0.9030900001525879 0.8450980186462402 0.778151273727417 0.0 0.0 0.0 0.0 0.0 0.3010300099849701 1.0413926839828491 0.0 0.9030900001525879 0.3010300099849701 0.0 0.0
708236 3815 1 0 